0	135	0	1	7251	1
1	847	4834	1	17759	2
2	764	4	1	20315	3
3	255	0	1	29297	4
4	495	12771	1	10207	5
5	450	9078	1	1990	6
6	651	2248	2	15970	8
7	788	5	1	14788	9
8	94	1511	50	18327	59
9	29	3684	2	9422	61
10	835	0	303	7919	364
11	433	1611	1	17557	365
12	762	5218	31	38306	396
13	3	10	1	2416	397
14	445	1436	1	25646	398
15	721	5212	1	36126	399
16	229	758	1	4731	400
17	945	2	1	26036	401
18	901	34	1	23546	402
19	31	1491	3	131639	405
20	26	0	14	4078	419
21	541	755	1	199532	420
22	939	748	1	7345	421
23	381	1744	1	11744	422
24	217	697	1	8375	423
25	422	55594	1	239984	424
26	30	3873	1	2818	425
27	222	12101	1	1858	426
28	438	997	50	2737	476
29	496	23492	1	5842	477
30	233	753	1	2933	478
32	219	10024	1	50930	479
33	460	0	1	7119	480
34	290	5225	1	8722	481
35	22	8350	1	4209	482
36	837	22404	1	12709	483
37	556	7641	136	6947	619
38	642	3545	1	13109	620
39	186	0	16	73830	636
40	992	2353	1	9717	637
41	860	0	1	24581	638
42	121	2	1	5491	639
43	333	21	1	4767	640
44	721	5212	1	36126	641
46	936	1435	2	28722	643
47	422	55594	1	239984	644
48	830	2	1	15738	645
49	670	3	1	12455	646
50	304	0	1	8492	647
51	587	2789	1	41201	648
52	882	0	1	81647	649
53	846	2286	15	17570	664
54	505	2156	1	10319	665
55	589	62	1	32157	666
56	35	1541	11	6037	677
57	243	1677	2	6360	679
58	797	4	1	43346	680
59	414	4309	1	7970	681
60	173	4228	35	42678	716
61	549	5	1	8622	717
62	703	4285	1	13112	718
63	674	3160	1	11673	719
64	375	1557	11	5828	730
65	439	22475	1	11427	731
66	508	734	1	37305	732
67	778	9	1	15181	733
68	521	5	1	15716	734
69	393	8582	1	2187	735
70	490	1415	11	22986	746
71	30	3873	1	2818	747
72	44	11	1	6907	748
73	703	4285	1	13112	749
74	983	733	1	1589	750
75	593	3880	1	16088	751
76	394	4240	1	8799	752
77	171	0	1	10423	753
78	502	737	1	2302	754
79	982	3683	1	4236	755
80	770	0	3	52741	758
81	540	2	1	19013	759
82	860	0	1	24581	760
83	232	22738	1	17238	761
84	514	2029	1	6197	762
85	952	1725	1	351155	763
86	578	3066	15	22674	778
87	459	0	1	6591	779
88	270	4	3	9885	782
89	548	6	1	15877	783
90	957	3693	1	28129	784
91	6	3358	1	2403	785
92	783	23	1	2717	786
93	820	22	10	293544	796
94	886	1549	120	2847	916
95	740	5	1	22354	917
96	809	1427	1	37846	918
97	519	4461	1	2585	919
98	561	3667	1	22626	920
99	426	911	1	5471	921
100	57	12571	1	2744	922
101	870	2	1	18367	923
