0	135	0	1	28502	1
1	847	4834	11	367273	12
2	764	4	2	271906	14
3	255	0	1	48673	15
4	495	12771	1	121026	16
5	450	9078	1	106597	17
6	651	2248	1	192566	18
7	788	5	3	287528	21
8	94	1511	1	25979	22
9	29	3684	1	19858	23
10	835	0	11	351627	34
11	433	1611	1	98722	35
12	762	5218	2	269891	37
13	3	10	1	14974	38
14	445	1436	1	104236	39
15	721	5212	1	239817	40
16	229	758	1	43907	41
18	901	34	15	573701	106
19	31	1491	1	20381	107
20	26	0	1	19780	108
21	541	755	1	137323	109
22	939	748	38	928915	147
23	381	1744	1	83555	148
24	217	697	1	41180	149
